[gd_scene load_steps=5 format=3 uid="uid://c26ul1t2ajfaa"]

[ext_resource type="Material" uid="uid://cgj3bru7p5jr0" path="res://brass.tres" id="1_g8dmd"]

[sub_resource type="StandardMaterial3D" id="StandardMaterial3D_82k0g"]
emission_enabled = true
emission = Color(1, 1, 1, 1)

[sub_resource type="StandardMaterial3D" id="StandardMaterial3D_21m1t"]
emission_enabled = true
emission = Color(1, 1, 1, 1)

[sub_resource type="CylinderMesh" id="CylinderMesh_83u2j"]
material = ExtResource("1_g8dmd")
top_radius = 0.25
bottom_radius = 0.1

[node name="Chandelier" type="Node3D"]

[node name="TopBalls" type="Node3D" parent="."]

[node name="CSGSphere3D" type="CSGSphere3D" parent="TopBalls"]
transform = Transform3D(1, 0, 0, 0, 1, 0, 0, 0, 1, -1, -1.1, 0)
radius = 0.3
material = SubResource("StandardMaterial3D_82k0g")

[node name="OmniLight3D" type="OmniLight3D" parent="TopBalls/CSGSphere3D"]
light_energy = 0.1
omni_range = 1.0

[node name="CSGSphere3D2" type="CSGSphere3D" parent="TopBalls"]
transform = Transform3D(1, 0, 0, 0, 1, 0, 0, 0, 1, 1, -1.1, 0)
radius = 0.3
material = SubResource("StandardMaterial3D_82k0g")

[node name="OmniLight3D" type="OmniLight3D" parent="TopBalls/CSGSphere3D2"]
light_energy = 0.1
omni_range = 1.0

[node name="CSGSphere3D3" type="CSGSphere3D" parent="TopBalls"]
transform = Transform3D(1, 0, 0, 0, 1, 0, 0, 0, 1, 0, -1.1, -1)
radius = 0.3
material = SubResource("StandardMaterial3D_82k0g")

[node name="OmniLight3D" type="OmniLight3D" parent="TopBalls/CSGSphere3D3"]
light_energy = 0.1
omni_range = 1.0

[node name="CSGSphere3D4" type="CSGSphere3D" parent="TopBalls"]
transform = Transform3D(1, 0, 0, 0, 1, 0, 0, 0, 1, 0, -1.1, 1)
radius = 0.3
material = SubResource("StandardMaterial3D_82k0g")

[node name="OmniLight3D" type="OmniLight3D" parent="TopBalls/CSGSphere3D4"]
light_energy = 0.1
omni_range = 1.0

[node name="CSGSphere3D5" type="CSGSphere3D" parent="TopBalls"]
transform = Transform3D(0.70710677, 0, -0.70710677, 0, 1, 0, 0.70710677, 0, 0.70710677, -0.70710677, -1.1, -0.70710677)
radius = 0.3
material = SubResource("StandardMaterial3D_82k0g")

[node name="OmniLight3D" type="OmniLight3D" parent="TopBalls/CSGSphere3D5"]
light_energy = 0.1
omni_range = 1.0

[node name="CSGSphere3D6" type="CSGSphere3D" parent="TopBalls"]
transform = Transform3D(0.70710677, 0, -0.70710677, 0, 1, 0, 0.70710677, 0, 0.70710677, 0.70710677, -1.1, 0.70710677)
radius = 0.3
material = SubResource("StandardMaterial3D_82k0g")

[node name="OmniLight3D" type="OmniLight3D" parent="TopBalls/CSGSphere3D6"]
light_energy = 0.1
omni_range = 1.0

[node name="CSGSphere3D7" type="CSGSphere3D" parent="TopBalls"]
transform = Transform3D(0.70710677, 0, -0.70710677, 0, 1, 0, 0.70710677, 0, 0.70710677, 0.70710677, -1.1, -0.70710677)
radius = 0.3
material = SubResource("StandardMaterial3D_82k0g")

[node name="OmniLight3D" type="OmniLight3D" parent="TopBalls/CSGSphere3D7"]
light_energy = 0.1
omni_range = 1.0

[node name="CSGSphere3D8" type="CSGSphere3D" parent="TopBalls"]
transform = Transform3D(0.70710677, 0, -0.70710677, 0, 1, 0, 0.70710677, 0, 0.70710677, -0.70710677, -1.1, 0.70710677)
radius = 0.3
material = SubResource("StandardMaterial3D_82k0g")

[node name="OmniLight3D" type="OmniLight3D" parent="TopBalls/CSGSphere3D8"]
light_energy = 0.1
omni_range = 1.0

[node name="BottomBalls" type="Node3D" parent="."]

[node name="CSGSphere3D9" type="CSGSphere3D" parent="BottomBalls"]
transform = Transform3D(1, 0, 0, 0, 1, 0, 0, 0, 1, -1.5, -2.1, 0)
radius = 0.3
material = SubResource("StandardMaterial3D_21m1t")

[node name="OmniLight3D" type="OmniLight3D" parent="BottomBalls/CSGSphere3D9"]
light_energy = 0.1
omni_range = 1.0

[node name="CSGSphere3D10" type="CSGSphere3D" parent="BottomBalls"]
transform = Transform3D(1, 0, 0, 0, 1, 0, 0, 0, 1, 1.5, -2.1, 0)
radius = 0.3
material = SubResource("StandardMaterial3D_21m1t")

[node name="OmniLight3D" type="OmniLight3D" parent="BottomBalls/CSGSphere3D10"]
light_energy = 0.1
omni_range = 1.0

[node name="CSGSphere3D11" type="CSGSphere3D" parent="BottomBalls"]
transform = Transform3D(1, 0, 0, 0, 1, 0, 0, 0, 1, 0, -2.1, -1.5)
radius = 0.3
material = SubResource("StandardMaterial3D_21m1t")

[node name="OmniLight3D" type="OmniLight3D" parent="BottomBalls/CSGSphere3D11"]
light_energy = 0.1
omni_range = 1.0

[node name="CSGSphere3D12" type="CSGSphere3D" parent="BottomBalls"]
transform = Transform3D(1, 0, 0, 0, 1, 0, 0, 0, 1, 0, -2.1, 1.5)
radius = 0.3
material = SubResource("StandardMaterial3D_21m1t")

[node name="OmniLight3D" type="OmniLight3D" parent="BottomBalls/CSGSphere3D12"]
light_energy = 0.1
omni_range = 1.0

[node name="CSGSphere3D13" type="CSGSphere3D" parent="BottomBalls"]
transform = Transform3D(0.70710677, 0, -0.70710677, 0, 1, 0, 0.70710677, 0, 0.70710677, -1.0606601, -2.1, -1.0606601)
radius = 0.3
material = SubResource("StandardMaterial3D_21m1t")

[node name="OmniLight3D" type="OmniLight3D" parent="BottomBalls/CSGSphere3D13"]
light_energy = 0.1
omni_range = 1.0

[node name="CSGSphere3D14" type="CSGSphere3D" parent="BottomBalls"]
transform = Transform3D(0.70710677, 0, -0.70710677, 0, 1, 0, 0.70710677, 0, 0.70710677, 1.0606601, -2.1, 1.0606601)
radius = 0.3
material = SubResource("StandardMaterial3D_21m1t")

[node name="OmniLight3D" type="OmniLight3D" parent="BottomBalls/CSGSphere3D14"]
light_energy = 0.1
omni_range = 1.0

[node name="CSGSphere3D15" type="CSGSphere3D" parent="BottomBalls"]
transform = Transform3D(0.70710677, 0, -0.70710677, 0, 1, 0, 0.70710677, 0, 0.70710677, 1.0606601, -2.1, -1.0606601)
radius = 0.3
material = SubResource("StandardMaterial3D_21m1t")

[node name="OmniLight3D" type="OmniLight3D" parent="BottomBalls/CSGSphere3D15"]
light_energy = 0.1
omni_range = 1.0

[node name="CSGSphere3D16" type="CSGSphere3D" parent="BottomBalls"]
transform = Transform3D(0.70710677, 0, -0.70710677, 0, 1, 0, 0.70710677, 0, 0.70710677, -1.0606601, -2.1, 1.0606601)
radius = 0.3
material = SubResource("StandardMaterial3D_21m1t")

[node name="OmniLight3D" type="OmniLight3D" parent="BottomBalls/CSGSphere3D16"]
light_energy = 0.1
omni_range = 1.0

[node name="Brass" type="Node3D" parent="."]

[node name="CSGCylinder3D2" type="CSGCylinder3D" parent="Brass"]
transform = Transform3D(1, 0, 0, 0, -0.25881907, 0.9659258, 0, -0.9659258, -0.25881907, 0, -2.1, -0.75)
radius = 0.1
height = 1.5
material = ExtResource("1_g8dmd")

[node name="CSGCylinder3D3" type="CSGCylinder3D" parent="Brass"]
transform = Transform3D(-1, 1.0430813e-07, 2.9802322e-08, 3.8567056e-09, -0.25881907, 0.9659258, 8.940697e-08, 0.96592575, 0.25881907, 0, -2.1, 0.75)
radius = 0.1
height = 1.5
material = ExtResource("1_g8dmd")

[node name="CSGCylinder3D4" type="CSGCylinder3D" parent="Brass"]
transform = Transform3D(-4.371139e-08, 0.9659258, 0.25881907, 0, -0.25881907, 0.9659258, 1, 4.222196e-08, 1.1313341e-08, 0.75, -2.1, 3.278354e-08)
radius = 0.1
height = 1.5
material = ExtResource("1_g8dmd")

[node name="CSGCylinder3D5" type="CSGCylinder3D" parent="Brass"]
transform = Transform3D(-4.569557e-08, -0.96592575, -0.25881907, 3.8567056e-09, -0.25881907, 0.9659258, -1, 6.208617e-08, 1.848898e-08, -0.75, -2.1, -3.278354e-08)
radius = 0.1
height = 1.5
material = ExtResource("1_g8dmd")

[node name="CSGCylinder3D6" type="CSGCylinder3D" parent="Brass"]
transform = Transform3D(-0.7071068, 0.6830126, 0.18301271, 8.881784e-16, -0.25881907, 0.9659258, 0.7071067, 0.6830127, 0.18301274, 0.53033006, -2.1, 0.53033006)
radius = 0.1
height = 1.5
material = ExtResource("1_g8dmd")

[node name="CSGCylinder3D7" type="CSGCylinder3D" parent="Brass"]
transform = Transform3D(0.7071067, -0.6830127, -0.18301274, 3.8567056e-09, -0.25881907, 0.9659258, -0.7071068, -0.6830126, -0.18301271, -0.53033006, -2.1, -0.53033006)
radius = 0.1
height = 1.5
material = ExtResource("1_g8dmd")

[node name="CSGCylinder3D8" type="CSGCylinder3D" parent="Brass"]
transform = Transform3D(-0.7071066, -0.68301266, -0.18301275, 8.881784e-16, -0.25881907, 0.9659258, -0.70710677, 0.6830126, 0.18301274, -0.53033006, -2.1, 0.53033006)
radius = 0.1
height = 1.5
material = ExtResource("1_g8dmd")

[node name="CSGCylinder3D9" type="CSGCylinder3D" parent="Brass"]
transform = Transform3D(0.70710677, 0.6830126, 0.18301266, 3.8567043e-09, -0.2588191, 0.96592593, 0.7071067, -0.6830128, -0.18301277, 0.53033006, -2.1, -0.53033006)
radius = 0.1
height = 1.5
material = ExtResource("1_g8dmd")

[node name="CSGCylinder3D10" type="CSGCylinder3D" parent="Brass"]
transform = Transform3D(1, 0, 0, 0, -0.25881907, 0.9659258, 0, -0.9659258, -0.25881907, 0, -1.0029428, -0.3877778)
radius = 0.1
height = 0.75
material = ExtResource("1_g8dmd")

[node name="CSGCylinder3D11" type="CSGCylinder3D" parent="Brass"]
transform = Transform3D(-1, 1.0430813e-07, 2.9802322e-08, 3.8567056e-09, -0.25881907, 0.9659258, 8.940697e-08, 0.96592575, 0.25881907, -3.9115548e-08, -1.0029428, 0.38777784)
radius = 0.1
height = 0.75
material = ExtResource("1_g8dmd")

[node name="CSGCylinder3D12" type="CSGCylinder3D" parent="Brass"]
transform = Transform3D(-4.371139e-08, 0.9659258, 0.25881907, 0, -0.25881907, 0.9659258, 1, 4.222196e-08, 1.1313341e-08, 0.3877778, -1.0029428, 1.6950304e-08)
radius = 0.1
height = 0.75
material = ExtResource("1_g8dmd")

[node name="CSGCylinder3D13" type="CSGCylinder3D" parent="Brass"]
transform = Transform3D(-4.569557e-08, -0.96592575, -0.25881907, 3.8567056e-09, -0.25881907, 0.9659258, -1, 6.208617e-08, 1.848898e-08, -0.38777784, -1.0029428, -5.6065854e-08)
radius = 0.1
height = 0.75
material = ExtResource("1_g8dmd")

[node name="CSGCylinder3D14" type="CSGCylinder3D" parent="Brass"]
transform = Transform3D(-0.7071068, 0.6830126, 0.18301271, 8.881784e-16, -0.25881907, 0.9659258, 0.7071067, 0.6830127, 0.18301274, 0.27420032, -1.0029428, 0.2742003)
radius = 0.1
height = 0.75
material = ExtResource("1_g8dmd")

[node name="CSGCylinder3D15" type="CSGCylinder3D" parent="Brass"]
transform = Transform3D(0.7071067, -0.6830127, -0.18301274, 3.8567056e-09, -0.25881907, 0.9659258, -0.7071068, -0.6830126, -0.18301271, -0.2742003, -1.0029428, -0.27420032)
radius = 0.1
height = 0.75
material = ExtResource("1_g8dmd")

[node name="CSGCylinder3D16" type="CSGCylinder3D" parent="Brass"]
transform = Transform3D(-0.7071066, -0.68301266, -0.18301275, 8.881784e-16, -0.25881907, 0.9659258, -0.70710677, 0.6830126, 0.18301274, -0.27420032, -1.0029428, 0.27420032)
radius = 0.1
height = 0.75
material = ExtResource("1_g8dmd")

[node name="CSGCylinder3D17" type="CSGCylinder3D" parent="Brass"]
transform = Transform3D(0.70710677, 0.6830126, 0.18301266, 3.8567043e-09, -0.2588191, 0.96592593, 0.7071067, -0.6830128, -0.18301277, 0.27420032, -1.0029428, -0.27420026)
radius = 0.1
height = 0.75
material = ExtResource("1_g8dmd")

[node name="MeshInstance3D" type="MeshInstance3D" parent="Brass"]
transform = Transform3D(1, 0, 0, 0, 1, 0, 0, 0, 1, 0, -1, 0)
mesh = SubResource("CylinderMesh_83u2j")
