[gd_scene load_steps=3 format=3 uid="uid://clsde1fmd6evc"]

[ext_resource type="Material" uid="uid://g8tvlyrsl57n" path="res://upper_floor_present.tres" id="2_f0ld0"]
[ext_resource type="Material" uid="uid://dte15qjjirtvh" path="res://wood_panels.tres" id="3_r2flp"]

[node name="Roof" type="StaticBody3D"]
input_ray_pickable = false

[node name="Roof" type="Node3D" parent="."]

[node name="CSGBox3D" type="CSGBox3D" parent="Roof"]
transform = Transform3D(1, 0, 0, 0, 1, 0, 0, 0, 1, -0.09999996, 2.6, -2.3)
size = Vector3(4, 2.2, 3.6000001)
material = ExtResource("3_r2flp")

[node name="CSGCombiner3D" type="CSGCombiner3D" parent="Roof/CSGBox3D"]
transform = Transform3D(1, 0, 0, 0, 1, 0, 0, 0, 1, 0.1, -0.5, 0)
operation = 2

[node name="CSGBox3D" type="CSGBox3D" parent="Roof/CSGBox3D/CSGCombiner3D"]
transform = Transform3D(0.70710677, 0.70710677, 0, -0.70710677, 0.70710677, 0, 0, 0, 1, 0, -3.6887715, 2.15)
size = Vector3(7, 7, 4.5)
material = ExtResource("3_r2flp")

[node name="CSGBox3D2" type="CSGBox3D" parent="Roof"]
transform = Transform3D(1, 0, 0, 0, 1, 0, 0, 0, 1, 0.49999976, 3.0500002, -0.3627038)
size = Vector3(7.8, 3.1000001, 3)
material = ExtResource("3_r2flp")

[node name="CSGCombiner3D" type="CSGCombiner3D" parent="Roof/CSGBox3D2"]
operation = 2

[node name="CSGBox3D2" type="CSGBox3D" parent="Roof/CSGBox3D2/CSGCombiner3D"]
transform = Transform3D(0.70710677, 0.70710677, 0, -0.70710677, 0.70710677, 0, 0, 0, 1, -0.5, -4.6, -1.95)
size = Vector3(7, 7, 4.5)
material = ExtResource("3_r2flp")

[node name="CSGBox3D3" type="CSGBox3D" parent="Roof/CSGBox3D2/CSGCombiner3D"]
transform = Transform3D(0, 0.99999994, 0, -0.99999994, 0, 0, 0, 0, 1, -0.40000007, -3.65, 2.1131449)
size = Vector3(7, 5.8, 4.5)
material = ExtResource("3_r2flp")

[node name="CSGBox3D4" type="CSGBox3D" parent="Roof/CSGBox3D2/CSGCombiner3D"]
transform = Transform3D(1, 0, 0, 0, 0.70710677, -0.70710677, 0, 0.70710677, 0.70710677, 3.4984376, -1.5272843, 0.7353555)
size = Vector3(2, 1.9, 1.9)
material = ExtResource("3_r2flp")

[node name="CSGBox3D5" type="CSGBox3D" parent="Roof/CSGBox3D2/CSGCombiner3D"]
transform = Transform3D(1, 0, 0, 0, 0.70710677, -0.70710677, 0, 0.70710677, 0.70710677, -4.29737, -1.5272843, 0.7353555)
size = Vector3(2, 1.9, 1.9)
material = ExtResource("3_r2flp")

[node name="CSGBox3D3" type="CSGBox3D" parent="Roof"]
transform = Transform3D(1, 0, 0, 0, 1, 0, 0, 0, 1, 0.49999976, 3.0500002, 2.6372962)
size = Vector3(7.8, 3.1000001, 3)

[node name="CSGCombiner3D" type="CSGCombiner3D" parent="Roof/CSGBox3D3"]
operation = 2

[node name="CSGBox3D4" type="CSGBox3D" parent="Roof/CSGBox3D3/CSGCombiner3D"]
transform = Transform3D(1, 0, 0, 0, 0.70710677, -0.70710677, 0, 0.70710677, 0.70710677, 0, -2.2597914, -1.5097916)
size = Vector3(16.4, 1.8723053, 1.9)
material = ExtResource("3_r2flp")

[node name="CSGBox3D" type="CSGBox3D" parent="Roof/CSGBox3D3/CSGCombiner3D"]
transform = Transform3D(1, 0, 0, 0, 1, 0, 0, 0, 1, -0.4000001, -0.60000014, -1.9)
size = Vector3(5.8, 1, 1)
material = ExtResource("3_r2flp")

[node name="Beams" type="Node3D" parent="."]

[node name="CSGBox3D" type="CSGBox3D" parent="Beams"]
transform = Transform3D(0.42261833, 0.9063078, 0, -0.9063078, 0.42261833, 0, 0, 0, 1, -1.0406308, 2.0077384, -1.9755745)
size = Vector3(0.1, 2.3, 0.1)
material = ExtResource("2_f0ld0")

[node name="CSGBox3D2" type="CSGBox3D" parent="Beams"]
transform = Transform3D(-0.4226183, -0.90630776, -2.9802322e-08, -0.90630776, 0.42261827, 1.0334054e-09, -1.4901161e-08, -5.9604645e-08, -0.99999994, 1.0406308, 2.0077384, -1.9755745)
size = Vector3(0.1, 2.3, 0.1)
material = ExtResource("2_f0ld0")

[node name="CSGBox3D3" type="CSGBox3D" parent="Beams"]
transform = Transform3D(0.42261833, 0.9063078, 0, -0.9063078, 0.42261833, 0, 0, 0, 1, -1.0406308, 2.0077384, -1.3755745)
size = Vector3(0.1, 2.3, 0.1)
material = ExtResource("2_f0ld0")

[node name="CSGBox3D4" type="CSGBox3D" parent="Beams"]
transform = Transform3D(-0.4226183, -0.90630776, -2.9802322e-08, -0.90630776, 0.42261827, 1.0334054e-09, -1.4901161e-08, -5.9604645e-08, -0.99999994, 1.0406308, 2.0077384, -1.3755745)
size = Vector3(0.1, 2.3, 0.1)
material = ExtResource("2_f0ld0")

[node name="CSGBox3D5" type="CSGBox3D" parent="Beams"]
transform = Transform3D(0.42261833, 0.9063078, 0, -0.9063078, 0.42261833, 0, 0, 0, 1, -1.0406308, 2.0077384, -0.77557445)
size = Vector3(0.1, 2.3, 0.1)
material = ExtResource("2_f0ld0")

[node name="CSGBox3D6" type="CSGBox3D" parent="Beams"]
transform = Transform3D(-0.4226183, -0.90630776, -2.9802322e-08, -0.90630776, 0.42261827, 1.0334054e-09, -1.4901161e-08, -5.9604645e-08, -0.99999994, 1.0406308, 2.0077384, -0.77557445)
size = Vector3(0.1, 2.3, 0.1)
material = ExtResource("2_f0ld0")

[node name="CSGBox3D8" type="CSGBox3D" parent="Beams"]
transform = Transform3D(0, 0, 0.9999999, -0.9063077, 0.42261824, 7.7134095e-09, -0.42261833, -0.90630776, 4.4703484e-08, -2.4, 2.0077384, 1.3650563)
size = Vector3(0.1, 2.3, 0.1)
material = ExtResource("2_f0ld0")

[node name="CSGBox3D9" type="CSGBox3D" parent="Beams"]
transform = Transform3D(-2.2351742e-08, -8.940697e-08, -0.9999999, -0.90630776, 0.4226183, -5.646596e-09, 0.42261833, 0.9063078, 2.9802322e-08, -2.4000003, 2.0077384, -0.71620524)
size = Vector3(0.1, 2.3, 0.1)
material = ExtResource("2_f0ld0")

[node name="CSGBox3D10" type="CSGBox3D" parent="Beams"]
transform = Transform3D(0, 0, 0.9999999, -0.9063077, 0.42261824, 7.7134095e-09, -0.42261833, -0.90630776, 4.4703484e-08, -1.8, 2.0077384, 1.3650563)
size = Vector3(0.1, 2.3, 0.1)
material = ExtResource("2_f0ld0")

[node name="CSGBox3D11" type="CSGBox3D" parent="Beams"]
transform = Transform3D(-2.2351742e-08, -8.940697e-08, -0.9999999, -0.90630776, 0.4226183, -5.646596e-09, 0.42261833, 0.9063078, 2.9802322e-08, -1.8000001, 2.0077384, -0.7162051)
size = Vector3(0.1, 2.3, 0.1)
material = ExtResource("2_f0ld0")

[node name="CSGBox3D12" type="CSGBox3D" parent="Beams"]
transform = Transform3D(0, 0, 0.9999999, -0.9063077, 0.42261824, 7.7134095e-09, -0.42261833, -0.90630776, 4.4703484e-08, 1.9999999, 2.0077384, 1.3650563)
size = Vector3(0.1, 2.3, 0.1)
material = ExtResource("2_f0ld0")

[node name="CSGBox3D13" type="CSGBox3D" parent="Beams"]
transform = Transform3D(-2.2351742e-08, -8.940697e-08, -0.9999999, -0.90630776, 0.4226183, -5.646596e-09, 0.42261833, 0.9063078, 2.9802322e-08, 1.9999996, 2.0077384, -0.71620524)
size = Vector3(0.1, 2.3, 0.1)
material = ExtResource("2_f0ld0")

[node name="CSGBox3D14" type="CSGBox3D" parent="Beams"]
transform = Transform3D(0, 0, 0.9999999, -0.9063077, 0.42261824, 7.7134095e-09, -0.42261833, -0.90630776, 4.4703484e-08, 2.6000001, 2.0077384, 1.3650563)
size = Vector3(0.1, 2.3, 0.1)
material = ExtResource("2_f0ld0")

[node name="CSGBox3D15" type="CSGBox3D" parent="Beams"]
transform = Transform3D(-2.2351742e-08, -8.940697e-08, -0.9999999, -0.90630776, 0.4226183, -5.646596e-09, 0.42261833, 0.9063078, 2.9802322e-08, 2.6, 2.0077384, -0.7162051)
size = Vector3(0.1, 2.3, 0.1)
material = ExtResource("2_f0ld0")

[node name="CSGBox3D7" type="CSGBox3D" parent="Beams"]
transform = Transform3D(0.99999994, 0, 0, 0, -4.3711385e-08, 0.99999994, 0, -0.99999994, -4.3711385e-08, 0, 2.5, -0.79999995)
size = Vector3(0.1, 4.7000003, 0.1)
material = ExtResource("2_f0ld0")

[node name="CSGBox3D16" type="CSGBox3D" parent="Beams"]
transform = Transform3D(-4.3711385e-08, -0.99999994, -4.3711385e-08, 0, -4.3711385e-08, 0.99999994, -0.99999994, 4.3711385e-08, 1.9106853e-15, 0.35, 2.5, 0.30000007)
size = Vector3(0.1, 8, 0.1)
material = ExtResource("2_f0ld0")
